cam0:
  cam_overlaps: [1]
  camera_model: pinhole
  distortion_coeffs: [0.3156836791058789, 0.18685693648736554, -0.034778459690612516, 0.07817592108811142]
  distortion_model: equidistant
  intrinsics: [283.52309479117235, 282.34500500922604, 323.9865936464378, 198.3254156154101]
  resolution: [640, 400]
  rostopic: /f450_1/oak/left/image_raw
cam1:
  T_cn_cnm1:
  - [0.9997451806809012, -0.008106976777065846, -0.021067762881832174, -0.07432702765924613]
  - [0.008016749669802542, 0.9999583442979966, -0.004363644524690071, 0.0001567353538251148]
  - [0.02110226125420476, 0.0041936376026371, 0.9997685271969776, -0.0042564967276493716]
  - [0.0, 0.0, 0.0, 1.0]
  cam_overlaps: [0]
  camera_model: pinhole
  distortion_coeffs: [0.32512384593367083, 0.1478623242297161, 0.017552371519118076, 0.05741979500214367]
  distortion_model: equidistant
  intrinsics: [281.9962157610229, 280.7913536397337, 322.1231845571265, 201.38495386423796]
  resolution: [640, 400]
  rostopic: /f450_1/oak/right/image_raw
