cam0:
  cam_overlaps: [1]
  camera_model: pinhole
  distortion_coeffs: [-0.0016523653002623756, -7.564017833150019e-05, -7.201462690111298e-05, -0.001285806830321826]
  distortion_model: radtan
  intrinsics: [284.84820543947666, 283.269709237241, 322.007687425503, 198.42013870270094]
  resolution: [640, 400]
  rostopic: /f450_1/oak/left/image_raw
cam1:
  T_cn_cnm1:
  - [0.9997939775291295, -0.008395162350146942, -0.018480361078687054, -0.07537352607620183]
  - [0.008317800107566864, 0.999956336267142, -0.0042590797792940414, -0.0006379248260050672]
  - [0.018515309823347186, 0.004104486363786096, 0.99982015207428, -0.00574465980265604]
  - [0.0, 0.0, 0.0, 1.0]
  cam_overlaps: [0]
  camera_model: pinhole
  distortion_coeffs: [-0.003959500621587474, 0.0010656839675643756, 0.00016530427207407463, -0.002129437602668981]
  distortion_model: radtan
  intrinsics: [282.54868418422245, 281.1866455903937, 320.10631032101463, 201.64786272519513]
  resolution: [640, 400]
  rostopic: /f450_1/oak/right/image_raw
