%YAML:1.0


cam0:
  T_cam_imu:
    - [ 0.0, -1.0,  0.0,  0.0  ]
    - [ 0.0,  0.0, -1.0, -0.044]
    - [ 1.0,  0.0,  0.0, -0.17 ]
    - [ 0.0,  0.0,  0.0,  1.0  ]
  cam_overlaps: []
  camera_model: pinhole
  distortion_coeffs: [0.0, 0.0, 0.0, 0.0]
  distortion_model: radtan
  intrinsics: [425.589599609375, 425.589599609375, 426.0558776855469, 241.34034729003906]
  resolution: [848, 480]
  rostopic: /sqrtvins/image_raw
  timeshift_cam_imu: 0.0


