cam0:
  T_cam_imu:
  - [0.9998464076060056, -0.006691992411694205, 0.01619809973198173, 0.08098934343291057]
  - [0.006619625249325393, 0.9999678875145737, 0.004517134179939746, -0.001859768332375368]
  - [-0.01622780819839491, -0.004409215032510138, 0.9998585985347495, -0.006687920369589566]
  - [0.0, 0.0, 0.0, 1.0]
  cam_overlaps: [1]
  camera_model: pinhole
  distortion_coeffs: [-0.0016523653002623756, -7.564017833150019e-05, -7.201462690111298e-05, -0.001285806830321826]
  distortion_model: radtan
  intrinsics: [284.84820543947666, 283.269709237241, 322.007687425503, 198.42013870270094]
  resolution: [640, 400]
  rostopic: /f450_1/oak/left/image_raw
  timeshift_cam_imu: 0.0020410549959590995
cam1:
  T_cam_imu:
  - [0.9998847397049756, -0.01500402258562645, -0.0023209074438986332, 0.005738339972439929]
  - [0.0150049742982725, 0.9998873417272516, 0.000393191961520054, -0.0017954743980231106]
  - [0.0023147465134036606, -0.00042797179864293626, 0.9999972293905209, -0.010939467971349977]
  - [0.0, 0.0, 0.0, 1.0]
  T_cn_cnm1:
  - [0.999793977529129, -0.008395162350146942, -0.018480361078687054, -0.07537352607620183]
  - [0.008317800107566864, 0.9999563362671415, -0.0042590797792940414, -0.0006379248260050672]
  - [0.018515309823347186, 0.004104486363786096, 0.9998201520742795, -0.00574465980265604]
  - [0.0, 0.0, 0.0, 1.0]
  cam_overlaps: [0]
  camera_model: pinhole
  distortion_coeffs: [-0.003959500621587474, 0.0010656839675643756, 0.00016530427207407463, -0.002129437602668981]
  distortion_model: radtan
  intrinsics: [282.54868418422245, 281.1866455903937, 320.10631032101463, 201.64786272519513]
  resolution: [640, 400]
  rostopic: /f450_1/oak/right/image_raw
  timeshift_cam_imu: 0.0020524085783168544
