Calibration results
===================
Normalized Residuals
----------------------------
Reprojection error (cam0):     mean 0.205805149082286, median 0.18882422933291532, std: 0.11521071613780864
Reprojection error (cam1):     mean 0.19137681022675215, median 0.17447491164946777, std: 0.10833070040859548
Gyroscope error (imu0):        mean 0.08774127199537966, median 0.08373348246344652, std: 0.038736268787684165
Accelerometer error (imu0):    mean 0.09122912554692088, median 0.08312186029312976, std: 0.0485198178163005

Residuals
----------------------------
Reprojection error (cam0) [px]:     mean 0.205805149082286, median 0.18882422933291532, std: 0.11521071613780864
Reprojection error (cam1) [px]:     mean 0.19137681022675215, median 0.17447491164946777, std: 0.10833070040859548
Gyroscope error (imu0) [rad/s]:     mean 0.01134258473360167, median 0.01082448542495719, std: 0.00500755688851894
Accelerometer error (imu0) [m/s^2]: mean 0.0658238207960592, median 0.059974250584655636, std: 0.03500811581664227

Transformation (cam0):
-----------------------
T_ci:  (imu0 to cam0): 
[[ 0.99984641 -0.00669199  0.0161981   0.08098934]
 [ 0.00661963  0.99996789  0.00451713 -0.00185977]
 [-0.01622781 -0.00440922  0.9998586  -0.00668792]
 [ 0.          0.          0.          1.        ]]

T_ic:  (cam0 to imu0): 
[[ 0.99984641  0.00661963 -0.01622781 -0.08107312]
 [-0.00669199  0.99996789 -0.00440922  0.0023722 ]
 [ 0.0161981   0.00451713  0.9998586   0.0053835 ]
 [ 0.          0.          0.          1.        ]]

timeshift cam0 to imu0: [s] (t_imu = t_cam + shift)
0.0020410549959590995


Transformation (cam1):
-----------------------
T_ci:  (imu0 to cam1): 
[[ 0.99988474 -0.01500402 -0.00232091  0.00573834]
 [ 0.01500497  0.99988734  0.00039319 -0.00179547]
 [ 0.00231475 -0.00042797  0.99999723 -0.01093947]
 [ 0.          0.          0.          1.        ]]

T_ic:  (cam1 to imu0): 
[[ 0.99988474  0.01500497  0.00231475 -0.00568542]
 [-0.01500402  0.99988734 -0.00042797  0.00187669]
 [-0.00232091  0.00039319  0.99999723  0.01095346]
 [ 0.          0.          0.          1.        ]]

timeshift cam1 to imu0: [s] (t_imu = t_cam + shift)
0.0020524085783168544

Baselines:
----------
Baseline (cam0 to cam1): 
[[ 0.99979398 -0.00839516 -0.01848036 -0.07537353]
 [ 0.0083178   0.99995634 -0.00425908 -0.00063792]
 [ 0.01851531  0.00410449  0.99982015 -0.00574466]
 [ 0.          0.          0.          1.        ]]
baseline norm:  0.07559481792749925 [m]


Gravity vector in target coords: [m/s^2]
[-0.20545815 -9.80434163  0.03309124]


Calibration configuration
=========================

cam0
-----
  Camera model: pinhole
  Focal length: [284.84820543947666, 283.269709237241]
  Principal point: [322.007687425503, 198.42013870270094]
  Distortion model: radtan
  Distortion coefficients: [-0.0016523653002623756, -7.564017833150019e-05, -7.201462690111298e-05, -0.001285806830321826]
  Type: aprilgrid
  Tags: 
    Rows: 6
    Cols: 6
    Size: 0.088 [m]
    Spacing 0.026399999999999996 [m]

cam1
-----
  Camera model: pinhole
  Focal length: [282.54868418422245, 281.1866455903937]
  Principal point: [320.10631032101463, 201.64786272519513]
  Distortion model: radtan
  Distortion coefficients: [-0.003959500621587474, 0.0010656839675643756, 0.00016530427207407463, -0.002129437602668981]
  Type: aprilgrid
  Tags: 
    Rows: 6
    Cols: 6
    Size: 0.088 [m]
    Spacing 0.026399999999999996 [m]



IMU configuration
=================

IMU0:
 ----------------------------
  Model: scale-misalignment
  Update rate: 400.0
  Accelerometer:
    Noise density: 0.03607609982088711 
    Noise density (discrete): 0.7215219964177422 
    Random walk: 0.0024530968872564156
  Gyroscope:
    Noise density: 0.006463654147958418
    Noise density (discrete): 0.12927308295916837 
    Random walk: 3.859771927116062e-05
  T_ib (imu0 to imu0)
    [[1. 0. 0. 0.]
     [0. 1. 0. 0.]
     [0. 0. 1. 0.]
     [0. 0. 0. 1.]]
  time offset with respect to IMU0: 0.0 [s]
  Gyroscope: 
    M:
      [[ 0.99217145  0.          0.        ]
       [-0.00065448  0.99466738  0.        ]
       [ 0.00847349 -0.00027066  0.99794768]]
    A [(rad/s)/(m/s^2)]:
      [[-0.00009185 -0.00052207 -0.00005307]
       [ 0.00002275  0.00034956  0.00010713]
       [ 0.00000538  0.00008424  0.00000418]]
    C_gyro_i:
      [[ 0.9998861  -0.01429217  0.00484948]
       [ 0.01428688  0.99989731  0.00112375]
       [-0.00486504 -0.00105434  0.99998761]]
  Accelerometer: 
    M:
      [[ 0.99929799  0.          0.        ]
       [-0.00095307  0.97114646  0.        ]
       [ 0.01464581  0.02211033  0.99310039]]

