cam0:
  cam_overlaps: [1]
  camera_model: omni
  distortion_coeffs: [0.007513017143348872, -0.0011017923765309265, -0.0004023023356684969, -0.0008350799927343636]
  distortion_model: radtan
  intrinsics: [0.020781528417673945, 289.5133436647023, 288.148843943667, 322.8253255699106, 198.08116260517846]
  resolution: [640, 400]
  rostopic: /f450_1/oak/left/image_raw
cam1:
  T_cn_cnm1:
  - [0.9997950334448036, -0.008852924217579269, -0.018207603683672188, -0.07474052711458153]
  - [0.008754841740836627, 0.9999467715005849, -0.005459570647023496, 0.0003503431437642257]
  - [0.01825496768544878, 0.005299046928904701, 0.9998193218059193, -0.0008799520709835705]
  - [0.0, 0.0, 0.0, 1.0]
  cam_overlaps: [0]
  camera_model: omni
  distortion_coeffs: [-0.00039826076372541575, 0.00043180620183984987, -0.0001079204463923913, -0.0019215275028402654]
  distortion_model: radtan
  intrinsics: [0.0061897076774914015, 285.20849970127153, 283.82753745557164, 320.4748416728713, 201.2963968095734]
  resolution: [640, 400]
  rostopic: /f450_1/oak/right/image_raw
