Calibration results
===================
Normalized Residuals
----------------------------
Reprojection error (cam0):     mean 0.21837387087669605, median 0.20306027201430762, std: 0.11705705600031399
Reprojection error (cam1):     mean 0.2032738654940239, median 0.18883487565350587, std: 0.10920955692679775
Gyroscope error (imu0):        mean 0.08733961563601104, median 0.08330104219550202, std: 0.038510278099342765
Accelerometer error (imu0):    mean 0.09093222656777689, median 0.08278773687184024, std: 0.04832920328698046

Residuals
----------------------------
Reprojection error (cam0) [px]:     mean 0.21837387087669605, median 0.20306027201430762, std: 0.11705705600031399
Reprojection error (cam1) [px]:     mean 0.2032738654940239, median 0.18883487565350587, std: 0.10920955692679775
Gyroscope error (imu0) [rad/s]:     mean 0.011290661377735937, median 0.010768582538324314, std: 0.004978342375516982
Accelerometer error (imu0) [m/s^2]: mean 0.06560960165189283, median 0.0597331731866769, std: 0.03487058324090105

Transformation (cam0):
-----------------------
T_ci:  (imu0 to cam0): 
[[ 0.99988578 -0.00494438  0.01428202  0.07674914]
 [ 0.00487657  0.99997669  0.00477874 -0.00227188]
 [-0.01430532 -0.00470855  0.99988659 -0.01061742]
 [ 0.          0.          0.          1.        ]]

T_ic:  (cam0 to imu0): 
[[ 0.99988578  0.00487657 -0.01430532 -0.07688118]
 [-0.00494438  0.99997669 -0.00470855  0.00260131]
 [ 0.01428202  0.00477874  0.99988659  0.00953094]
 [ 0.          0.          0.          1.        ]]

timeshift cam0 to imu0: [s] (t_imu = t_cam + shift)
0.002053154942681703


Transformation (cam1):
-----------------------
T_ci:  (imu0 to cam1): 
[[ 0.99989284 -0.01295071 -0.00682573  0.00264465]
 [ 0.01295462  0.99991594  0.00052989 -0.00145344]
 [ 0.00681829 -0.00061825  0.99997656 -0.01326141]
 [ 0.          0.          0.          1.        ]]

T_ic:  (cam1 to imu0): 
[[ 0.99989284  0.01295462  0.00681829 -0.00253512]
 [-0.01295071  0.99991594 -0.00061825  0.00147937]
 [-0.00682573  0.00052989  0.99997656  0.01327992]
 [ 0.          0.          0.          1.        ]]

timeshift cam1 to imu0: [s] (t_imu = t_cam + shift)
0.002034239773024398

Baselines:
----------
Baseline (cam0 to cam1): 
[[ 0.99974518 -0.00810698 -0.02106776 -0.07432703]
 [ 0.00801675  0.99995834 -0.00436364  0.00015674]
 [ 0.02110226  0.00419364  0.99976853 -0.0042565 ]
 [ 0.          0.          0.          1.        ]]
baseline norm:  0.07444897159143281 [m]


Gravity vector in target coords: [m/s^2]
[-0.20419453 -9.80436776  0.03317121]


Calibration configuration
=========================

cam0
-----
  Camera model: pinhole
  Focal length: [283.52309479117235, 282.34500500922604]
  Principal point: [323.9865936464378, 198.3254156154101]
  Distortion model: equidistant
  Distortion coefficients: [0.3156836791058789, 0.18685693648736554, -0.034778459690612516, 0.07817592108811142]
  Type: aprilgrid
  Tags: 
    Rows: 6
    Cols: 6
    Size: 0.088 [m]
    Spacing 0.026399999999999996 [m]

cam1
-----
  Camera model: pinhole
  Focal length: [281.9962157610229, 280.7913536397337]
  Principal point: [322.1231845571265, 201.38495386423796]
  Distortion model: equidistant
  Distortion coefficients: [0.32512384593367083, 0.1478623242297161, 0.017552371519118076, 0.05741979500214367]
  Type: aprilgrid
  Tags: 
    Rows: 6
    Cols: 6
    Size: 0.088 [m]
    Spacing 0.026399999999999996 [m]



IMU configuration
=================

IMU0:
 ----------------------------
  Model: scale-misalignment
  Update rate: 400.0
  Accelerometer:
    Noise density: 0.03607609982088711 
    Noise density (discrete): 0.7215219964177422 
    Random walk: 0.0024530968872564156
  Gyroscope:
    Noise density: 0.006463654147958418
    Noise density (discrete): 0.12927308295916837 
    Random walk: 3.859771927116062e-05
  T_ib (imu0 to imu0)
    [[1. 0. 0. 0.]
     [0. 1. 0. 0.]
     [0. 0. 1. 0.]
     [0. 0. 0. 1.]]
  time offset with respect to IMU0: 0.0 [s]
  Gyroscope: 
    M:
      [[ 0.99278329  0.          0.        ]
       [-0.0006712   0.99511593  0.        ]
       [ 0.00873867 -0.00008     0.99760865]]
    A [(rad/s)/(m/s^2)]:
      [[-0.00007759 -0.00047597 -0.00003809]
       [ 0.00004933  0.00035772  0.00013576]
       [-0.00000342  0.00009297  0.00001332]]
    C_gyro_i:
      [[ 0.9999124  -0.01231051  0.00486279]
       [ 0.01230495  0.9999236   0.0011727 ]
       [-0.00487686 -0.00111276  0.99998749]]
  Accelerometer: 
    M:
      [[ 0.99843822  0.          0.        ]
       [-0.00272331  0.97106185  0.        ]
       [ 0.01469103  0.0223566   0.99336334]]

