cam0:
  T_cam_imu:
  - [0.999885781941818, -0.0049443775859614346, 0.014282023697028516, 0.07674913632917957]
  - [0.004876569256354349, 0.9999766910878695, 0.004778739712471201, -0.0022718792553099707]
  - [-0.014305318692116632, -0.004708546616421241, 0.9998865872917158, -0.01061742467661425]
  - [0.0, 0.0, 0.0, 1.0]
  cam_overlaps: [1]
  camera_model: pinhole
  distortion_coeffs: [0.3156836791058789, 0.18685693648736554, -0.034778459690612516, 0.07817592108811142]
  distortion_model: equidistant
  intrinsics: [283.52309479117235, 282.34500500922604, 323.9865936464378, 198.3254156154101]
  resolution: [640, 400]
  rostopic: /f450_1/oak/left/image_raw
  timeshift_cam_imu: 0.002053154942681703
cam1:
  T_cam_imu:
  - [0.9998928385561324, -0.012950706931655348, -0.006825730300184229, 0.0026446549651384516]
  - [0.01295462345724578, 0.9999159449431013, 0.0005298864275245198, -0.001453439984378615]
  - [0.006818294159205539, -0.0006182544099894602, 0.9999765640384995, -0.013261410871633657]
  - [0.0, 0.0, 0.0, 1.0]
  T_cn_cnm1:
  - [0.9997451806809019, -0.008106976777065848, -0.021067762881832177, -0.07432702765924613]
  - [0.008016749669802543, 0.9999583442979972, -0.004363644524690072, 0.0001567353538251148]
  - [0.021102261254204762, 0.004193637602637101, 0.9997685271969783, -0.0042564967276493716]
  - [0.0, 0.0, 0.0, 1.0]
  cam_overlaps: [0]
  camera_model: pinhole
  distortion_coeffs: [0.32512384593367083, 0.1478623242297161, 0.017552371519118076, 0.05741979500214367]
  distortion_model: equidistant
  intrinsics: [281.9962157610229, 280.7913536397337, 322.1231845571265, 201.38495386423796]
  resolution: [640, 400]
  rostopic: /f450_1/oak/right/image_raw
  timeshift_cam_imu: 0.002034239773024398
