cam0:
  T_cam_imu:
  - [0.99987142223763, -0.005779151472107216, 0.01495795443114046, 0.07902732033082356]
  - [0.005695252905276409, 0.9999678457352591, 0.005645492886599778, -0.001974564778031937]
  - [-0.01499009962764004, -0.005559577668325991, 0.9998721858364228, -0.008985725161448728]
  - [0.0, 0.0, 0.0, 1.0]
  cam_overlaps: [1]
  camera_model: omni
  distortion_coeffs: [0.007513017143348872, -0.0011017923765309265, -0.0004023023356684969, -0.0008350799927343636]
  distortion_model: radtan
  intrinsics: [0.020781528417673945, 289.5133436647023, 288.148843943667, 322.8253255699106, 198.08116260517846]
  resolution: [640, 400]
  rostopic: /f450_1/oak/left/image_raw
  timeshift_cam_imu: 0.0020356700780159672
cam1:
  T_cam_imu:
  - [0.999888996187402, -0.014529379910814778, -0.003300367063984631, 0.004451684453520108]
  - [0.014530505326309165, 0.9998943762978794, 0.00031727407272849113, -0.0008831866471151518]
  - [0.003295408671458452, -0.0003651948552987838, 0.999994503442097, -0.008431875840353783]
  - [0.0, 0.0, 0.0, 1.0]
  T_cn_cnm1:
  - [0.9997950334448036, -0.008852924217579269, -0.01820760368367218, -0.07474052711458153]
  - [0.008754841740836627, 0.9999467715005849, -0.005459570647023494, 0.0003503431437642257]
  - [0.018254967685448775, 0.0052990469289047, 0.9998193218059193, -0.0008799520709835705]
  - [0.0, 0.0, 0.0, 1.0]
  cam_overlaps: [0]
  camera_model: omni
  distortion_coeffs: [-0.00039826076372541575, 0.00043180620183984987, -0.0001079204463923913, -0.0019215275028402654]
  distortion_model: radtan
  intrinsics: [0.0061897076774914015, 285.20849970127153, 283.82753745557164, 320.4748416728713, 201.2963968095734]
  resolution: [640, 400]
  rostopic: /f450_1/oak/right/image_raw
  timeshift_cam_imu: 0.0020525593683901064
