Calibration results
===================
Normalized Residuals
----------------------------
Reprojection error (cam0):     mean 0.20879510795531, median 0.192663127941484, std: 0.11475386165914493
Reprojection error (cam1):     mean 0.19393743544978034, median 0.17567110386295773, std: 0.11161670704401833
Gyroscope error (imu0):        mean 0.08751122688558817, median 0.08346062268367549, std: 0.038613657614442194
Accelerometer error (imu0):    mean 0.09092856672538377, median 0.08288997903967352, std: 0.04836892206187875

Residuals
----------------------------
Reprojection error (cam0) [px]:     mean 0.20879510795531, median 0.192663127941484, std: 0.11475386165914493
Reprojection error (cam1) [px]:     mean 0.19393743544978034, median 0.17567110386295773, std: 0.11161670704401833
Gyroscope error (imu0) [rad/s]:     mean 0.011312846093039246, median 0.01078921200001063, std: 0.004991706564148708
Accelerometer error (imu0) [m/s^2]: mean 0.06560696099510277, median 0.05980694315973004, std: 0.03489924121066094

Transformation (cam0):
-----------------------
T_ci:  (imu0 to cam0): 
[[ 0.99987142 -0.00577915  0.01495795  0.07902732]
 [ 0.00569525  0.99996785  0.00564549 -0.00197456]
 [-0.0149901  -0.00555958  0.99987219 -0.00898573]
 [ 0.          0.          0.          1.        ]]

T_ic:  (cam0 to imu0): 
[[ 0.99987142  0.00569525 -0.0149901  -0.07914061]
 [-0.00577915  0.99996785 -0.00555958  0.00238126]
 [ 0.01495795  0.00564549  0.99987219  0.00781364]
 [ 0.          0.          0.          1.        ]]

timeshift cam0 to imu0: [s] (t_imu = t_cam + shift)
0.0020356700780159672


Transformation (cam1):
-----------------------
T_ci:  (imu0 to cam1): 
[[ 0.999889   -0.01452938 -0.00330037  0.00445168]
 [ 0.01453051  0.99989438  0.00031727 -0.00088319]
 [ 0.00329541 -0.00036519  0.9999945  -0.00843188]
 [ 0.          0.          0.          1.        ]]

T_ic:  (cam1 to imu0): 
[[ 0.999889    0.01453051  0.00329541 -0.00441057]
 [-0.01452938  0.99989438 -0.00036519  0.00094469]
 [-0.00330037  0.00031727  0.9999945   0.0084468 ]
 [ 0.          0.          0.          1.        ]]

timeshift cam1 to imu0: [s] (t_imu = t_cam + shift)
0.0020525593683901064

Baselines:
----------
Baseline (cam0 to cam1): 
[[ 0.99979503 -0.00885292 -0.0182076  -0.07474053]
 [ 0.00875484  0.99994677 -0.00545957  0.00035034]
 [ 0.01825497  0.00529905  0.99981932 -0.00087995]
 [ 0.          0.          0.          1.        ]]
baseline norm:  0.07474652800853768 [m]


Gravity vector in target coords: [m/s^2]
[-0.20270111 -9.80440212  0.03216006]


Calibration configuration
=========================

cam0
-----
  Camera model: omni
  Focal length: [289.5133436647023, 288.148843943667]
  Principal point: [322.8253255699106, 198.08116260517846]
  Omni xi: 0.020781528417673945
  Distortion model: radtan
  Distortion coefficients: [0.007513017143348872, -0.0011017923765309265, -0.0004023023356684969, -0.0008350799927343636]
  Type: aprilgrid
  Tags: 
    Rows: 6
    Cols: 6
    Size: 0.088 [m]
    Spacing 0.026399999999999996 [m]

cam1
-----
  Camera model: omni
  Focal length: [285.20849970127153, 283.82753745557164]
  Principal point: [320.4748416728713, 201.2963968095734]
  Omni xi: 0.0061897076774914015
  Distortion model: radtan
  Distortion coefficients: [-0.00039826076372541575, 0.00043180620183984987, -0.0001079204463923913, -0.0019215275028402654]
  Type: aprilgrid
  Tags: 
    Rows: 6
    Cols: 6
    Size: 0.088 [m]
    Spacing 0.026399999999999996 [m]



IMU configuration
=================

IMU0:
 ----------------------------
  Model: scale-misalignment
  Update rate: 400.0
  Accelerometer:
    Noise density: 0.03607609982088711 
    Noise density (discrete): 0.7215219964177422 
    Random walk: 0.0024530968872564156
  Gyroscope:
    Noise density: 0.006463654147958418
    Noise density (discrete): 0.12927308295916837 
    Random walk: 3.859771927116062e-05
  T_ib (imu0 to imu0)
    [[1. 0. 0. 0.]
     [0. 1. 0. 0.]
     [0. 0. 1. 0.]
     [0. 0. 0. 1.]]
  time offset with respect to IMU0: 0.0 [s]
  Gyroscope: 
    M:
      [[ 0.99181997  0.          0.        ]
       [-0.00051114  0.99412641  0.        ]
       [ 0.00779993 -0.00034131  0.99778021]]
    A [(rad/s)/(m/s^2)]:
      [[-0.0000953  -0.00049558 -0.00004347]
       [ 0.0000453   0.00031229  0.0001224 ]
       [ 0.00000883  0.00009164  0.00001365]]
    C_gyro_i:
      [[ 0.99989967 -0.01360412  0.00394661]
       [ 0.01360013  0.99990698  0.00103597]
       [-0.00396034 -0.0009822   0.99999168]]
  Accelerometer: 
    M:
      [[ 0.99890697  0.          0.        ]
       [-0.00159269  0.97102469  0.        ]
       [ 0.01561708  0.0219184   0.99253845]]

