cam0:
  T_cam_imu:
  - [0.9998103445347001, 0.004857036129826728, 0.018859590701779408, 0.07656872848048303]
  - [-0.004948583877616902, 0.9999761848078809, 0.004810544114952164, 0.0003006250694447246]
  - [-0.018835776570433102, -0.004902960035454974, 0.9998105693099469, -0.011072077039666107]
  - [0.0, 0.0, 0.0, 1.0]
  cam_overlaps: []
  camera_model: pinhole
  distortion_coeffs: [-0.000975481603844521, -0.0001890708316248503, -0.00043806298571902964, -0.0017202453889466846]
  distortion_model: radtan
  intrinsics: [284.5822857973383, 283.06334543088207, 321.85502677430947, 197.92869839220805]
  resolution: [640, 400]
  rostopic: /f450_1/oak/left/image_raw
  timeshift_cam_imu: 0.0020459309168596226
