%YAML:1.0

imu0:
  T_i_b:
    - [1.0, 0.0, 0.0, 0.0]
    - [0.0, 1.0, 0.0, 0.0]
    - [0.0, 0.0, 1.0, 0.0]
    - [0.0, 0.0, 0.0, 1.0]
  # Values from allan plots
  # https://github.com/rpng/ar_table_dataset

  # Inflated values (to account for unmodelled effects)
  #  - white noise multiplied by 10
  #  - bias random walk multiplied by 10
  accelerometer_noise_density: 0.03607609982088711
  accelerometer_random_walk: 0.0024530968872564156
  gyroscope_noise_density: 0.006463654147958418
  gyroscope_random_walk: 3.859771927116062e-05
  rostopic: /f450_1/oak/imu/data
  time_offset: 0.0
  update_rate: 400.0
  # three different modes supported:
  # "calibrated" (same as "kalibr"), "kalibr", "rpng"
  model: "kalibr"
  # how to get from Kalibr imu.yaml result file:
  #   - Tw is imu0:gyroscopes:M:
  #   - R_IMUtoGYRO: is imu0:gyroscopes:C_gyro_i:
  #   - Ta is imu0:accelerometers:M:
  #   - R_IMUtoACC not used by Kalibr
  #   - Tg is imu0:gyroscopes:A:
  Tw:
    - [0.9921714517187065, 0.0, 0.0]
    - [-0.0006544829908160526, 0.9946673813314466, 0.0]
    - [0.008473490487767838, -0.0002706607961298454, 0.9979476830009086]
  R_IMUtoGYRO:
    - [0.9998861017222079, -0.014292170091628793, 0.0048494800585503605]
    - [0.014286880011621322, 0.9998973058484077, 0.0011237511419882364]
    - [-0.004865042887772042, -0.0010543392089532376, 0.9999876097865076]
  Ta:
    - [0.999297988014788, 0.0, 0.0]
    - [-0.0009530692317118856, 0.9711464562040488, 0.0]
    - [0.014645808476059398, 0.022110326814656852, 0.993100385664056]
  R_IMUtoACC:
    - [ 1.0, 0.0, 0.0 ]
    - [ 0.0, 1.0, 0.0 ]
    - [ 0.0, 0.0, 1.0 ]
  Tg:
    - [-9.184519858619284e-05, -0.0005220683324969006, -5.3067363622933825e-05]
    - [2.274713648643803e-05, 0.0003495599919858131, 0.00010712574671136566]
    - [5.381528048273107e-06, 8.423948188209818e-05, 4.17622293122635e-06]
    
