%YAML:1.0

imu0:
  T_i_b:
    - [1.0, 0.0, 0.0, 0.0]
    - [0.0, 1.0, 0.0, 0.0]
    - [0.0, 0.0, 1.0, 0.0]
    - [0.0, 0.0, 0.0, 1.0]
  # Values from allan plots
  # https://github.com/rpng/ar_table_dataset

  # Inflated values (to account for unmodelled effects)
  #  - white noise multiplied by 10
  #  - bias random walk multiplied by 10
  accelerometer_noise_density: 0.03607609982088711
  accelerometer_random_walk: 0.0024530968872564156
  gyroscope_noise_density: 0.006463654147958418
  gyroscope_random_walk: 3.859771927116062e-05
  rostopic: /f450_1/oak/imu/data
  time_offset: 0.0
  update_rate: 400.0
  # three different modes supported:
  # "calibrated" (same as "kalibr"), "kalibr", "rpng"
  model: "kalibr"
  # how to get from Kalibr imu.yaml result file:
  #   - Tw is imu0:gyroscopes:M:
  #   - R_IMUtoGYRO: is imu0:gyroscopes:C_gyro_i:
  #   - Ta is imu0:accelerometers:M:
  #   - R_IMUtoACC not used by Kalibr
  #   - Tg is imu0:gyroscopes:A:
  Tw:
    - [0.9927832920510061, 0.0, 0.0]
    - [-0.0006711966810393018, 0.9951159340824989, 0.0]
    - [0.008738673375147079, -8.000367007883155e-05, 0.9976086494873314]
  R_IMUtoGYRO:
    - [0.9999123983926839, -0.01231051461801731, 0.0048627945083950155]
    - [0.012304949462283799, 0.9999236035759409, 0.001172702194049522]
    - [-0.004876859575786065, -0.0011127630227811477, 0.9999874889213034]
  Ta:
    - [0.9984382216911666, 0.0, 0.0]
    - [-0.002723305285915286, 0.9710618505461451, 0.0]
    - [0.01469102703849321, 0.022356598114320368, 0.9933633447046035]
  R_IMUtoACC:
    - [ 1.0, 0.0, 0.0 ]
    - [ 0.0, 1.0, 0.0 ]
    - [ 0.0, 0.0, 1.0 ]
  Tg:
    - [-7.758866499656255e-05, -0.0004759668946745076, -3.808692266399075e-05]
    - [4.933284745966947e-05, 0.00035771784265762756, 0.0001357590639406784]
    - [-3.416128630623639e-06, 9.296782111161629e-05, 1.3324630925982582e-05]
    
